[1495607603.915, 0, 0]
[1495607604.898, 0, 0]
[1495607605.901, 0, 0]
[1495607606.903, 0, 0]
[1495607607.894, 0, 0]
[1495607608.898, 51, 53]
[1495607609.894, 75, 67]
[1495607610.881, 90, 74]
[1495607611.883, 93, 87]
[1495607612.885, 66, 77]
[1495607613.872, 66, 69]
[1495607614.876, 75, 64]
[1495607615.879, 94, 43]
[1495607616.859, 100, 44]
[1495607617.865, 100, 34]
[1495607618.866, 100, 41]
[1495607619.856, 93, 53]
[1495607620.859, 94, 53]
[1495607621.857, 81, 66]
[1495607622.843, 63, 70]
[1495607623.844, 51, 80]
[1495607624.847, 51, 88]
[1495607625.834, 40, 90]
[1495607626.836, 44, 88]
[1495607627.819, 60, 81]
[1495607628.822, 69, 75]
[1495607629.827, 67, 66]
[1495607630.818, 61, 60]
[1495607631.844, 47, 61]
[1495607632.816, 41, 57]
[1495607633.799, 48, 54]
[1495607634.804, 53, 50]
[1495607635.807, 41, 41]
[1495607636.793, 23, 44]
[1495607637.796, 21, 44]
[1495607638.8, 27, 57]
